-3.663230150726967622e+03 2.785558275332107314e+03
7.201441170307763059e+03 -3.088452145134596776e+03
-1.689590892100192605e+03 1.072552900332847003e+03
-4.137496263952377973e+01 -1.882537264917866423e+03
8.561747995889485537e+03 -3.426995672902915885e+03
1.806885501890920295e+03 -1.452054311565746275e+03
-3.267190252934871751e+03 -3.114244010653857003e+03
-1.463038158416078886e+03 -9.902439917316111178e+02
-7.992872996915413069e+02 5.837037443640252832e+02
1.841564805112318254e+03 4.285453450962027091e+03
-3.340761826014419512e+03 2.561208610326991675e+02
-3.605858045770603439e+03 -2.398598988388725957e+02
-2.156626426226162494e+03 1.472378639241325573e+03
-7.637644182029157491e+02 4.119262702914197689e+03
3.846471934886979938e+01 5.286663173861059477e+03
-1.459445250257850603e+03 4.108552411414815424e+02
-1.213891254257251148e+03 3.783247086416760794e+03
5.430832839714572401e+03 -3.532093090496019840e+02
-2.995035386158266647e+03 -2.720611201345046197e+02
4.174337069823915954e+03 8.651521001155651902e+02
-1.848390669098149829e+03 3.234770251120817193e+03
6.079652613043744168e+03 1.611320560324142662e+03
-6.854662122803006241e+02 2.822872362783043172e+03
8.709724223358974996e+03 -2.643431887669334628e+03
-2.118231415954151998e+03 3.595357289941851377e+03
8.885213002605900101e+02 4.681251574389310008e+03
1.302375464728113911e+03 -9.396843648717463111e+02
-4.594922328114387710e+03 8.514102218319233089e+02
-1.828487078476135139e+03 -1.322433584007196259e+03
-2.120742154921143083e+03 -4.561450909368332759e+03
-3.505197165196010701e+03 3.475527055656939410e+03
-3.770915890924991913e+02 -3.795883468478658870e+03
-3.839147889232178272e+02 -3.440815824290055843e+03
-2.748275311235752724e+03 -1.756771235873060277e+03
-2.634241808457056322e+03 -7.062133889148406070e+02
-6.135991050319966007e+02 -1.915961258930681765e+01
-2.556436674676553139e+03 1.985817430832418950e+03
-1.988113351701064857e+03 2.393978129489570165e+03
-2.006824708062511036e+03 2.015693005142913080e+03
-2.268729618460388338e+03 -3.472182862445712999e+03
2.284148701047312784e+02 3.146957943965506956e+02
-2.277521872389914279e+03 1.395570791682847357e+03
-8.469489250628297441e+02 -4.738777936026244788e+03
-3.154510364434012445e+03 -3.978349404057796619e+03
-1.190278255726390853e+03 -6.126731705922205720e+02
2.755458717846054242e+03 1.429802295425747161e+03
1.929623855671260557e+01 1.041899693946796219e+02
-3.171075368524636360e+03 -3.054305267282046316e+03
-3.109690815734209991e+03 -1.513911065331018563e+03
-1.059683374949100653e+03 -3.565163994583048861e+03
-1.991474290284231984e+03 -2.726317863832382955e+03
4.529296322229290126e+03 1.511426438693176806e+03
-2.102565427306489710e+03 1.140685969311746931e+03
-1.796871185956969157e+03 -2.673437034948679866e+03
7.765718577812763215e+03 -1.536195057325101516e+03
-1.575047798424978964e+03 -3.193322768986266169e+01
-1.112953446724616924e+03 8.793339774558349697e-01
-5.011405628045422986e+02 3.523038377467341888e+03
-3.367227662257108022e+03 -4.957368806785443098e+02
-1.667275970759278380e+03 1.487912607077183793e+03
-8.608207034298796998e+02 3.709358575587484665e+02
-3.411946411901633837e+03 1.351205348263867563e+03
-2.438037049606149139e+03 -2.189620334506200834e+03
8.298695323603848010e+03 5.114771887040406995e+01
4.005508338965278199e+03 -9.779562591287940450e+02
-2.086339152203259744e+02 2.248147294812343262e+03
-9.938642675305009107e+02 -4.001616805798667428e+03
-1.334239264071997241e+03 2.209564464813452673e+02
-1.843914850142999740e+03 2.584785218869337314e+03
3.295334399751853653e+03 2.343114924233906549e+03
5.496407207833942721e+02 5.519537943091377201e+03
-2.403639665689180674e+03 -2.457126666931697855e+03
2.778637805303740151e+03 -2.095614131293614719e+03
2.114518547269296960e+03 3.697110370144388980e+03
3.399980741319964181e+02 2.072748598819963718e+03
-1.480905749838732618e+03 -2.231358890024639550e+03
-3.124332007037040967e+03 -2.676504307071497806e+03
-1.768795199767472923e+03 6.918986205548575299e+02
-3.046627033470050492e+02 -4.047075644151043434e+03
-2.555250071404810569e+03 1.333121668058294745e+03
1.212282879466569199e+02 -1.181352453197631803e+03
-3.003871736913888071e+03 -3.618699015731402142e+03
-1.922708601802902876e+03 3.035166129001797799e+03
-2.215867295389437004e+03 -2.290571406502726859e+03
-5.461486839776243869e+02 1.758412395023000272e+03
-2.285946487633210381e+03 -1.208466086199375468e+03
-4.293996797944701939e+03 -1.292391164970115597e+03
-5.943938187858038873e+02 -1.415680626726243418e+03
-8.650277400037563211e+02 -3.639032331766687093e+03
-5.425304215179082803e+02 -3.678742834028601010e+03
3.872660833688110415e+03 2.689044081604069561e+03
4.624004886554067525e+03 5.366592031496714981e+02
-1.359064417418939911e+03 -2.069039004253578241e+03
3.910103966639061923e+02 -1.023045418163583236e+03
-4.001541380841073533e+03 -2.649175879242385690e+03
-4.119514121037781479e+03 -9.771686843682869039e+02
-1.887989763325231252e+03 8.170271156159124075e+02
1.001106233117274769e+03 2.941254802368029573e+02
6.635728223832207732e+03 -3.584210910536240249e+02
2.153716465498915113e+03 4.056125980223316674e+03
-3.453413170760015419e+03 -3.626843971330661134e+03
-5.647771179776745498e+01 3.222525590970503345e+03
-3.937020260971959033e+03 -2.407833634783108209e+03
-2.917118035732504268e+03 -2.600532468996955231e+03
-2.626817130456370705e+03 -2.450328442955096762e+03
-3.303370189868876878e+03 2.200881130595334071e+03
-2.633951853711579133e+03 3.068153282910921007e+03
2.889023824657384012e+03 3.282659373909306396e+03
5.339098432577168751e+03 -2.015974069134138972e+03
3.905636313251211959e+03 1.154479053694599315e+03
8.881425350937031908e+03 -3.441733778872829134e+03
3.176404370573430697e+03 -9.668006534029882459e+01
3.778033455170274379e+01 3.145479884381803913e+03
-1.884272803619871183e+03 -2.731625387798897918e+03
7.557765314988143473e+03 -7.723061404440635442e+02
-1.430598220058595643e+03 -3.509863282733799224e+03
-3.672509628116001750e+03 -1.148918749224046678e+03
-3.966033265725595811e+03 1.132454165130461206e+03
-1.771761702814546425e+03 1.333699721087932403e+03
7.823112532286620535e+01 1.689367816319851727e+03
-2.020350655728297795e+02 -3.188454420556911828e+03
-4.994830676436763497e+03 -1.408895963800581285e+03
3.681703083496374234e+02 -3.896127369525396261e+03
8.725461052505016823e+02 -2.652562182536200453e+03
-4.012065817487916320e+03 2.781713379035613798e+03
1.944947488488468025e+03 3.839235628720191471e+03
-3.698272121989286461e+03 -6.372051050617433248e+02
2.935051823065740791e+03 3.870194289659962692e+02
2.068224220449174936e+03 4.950710683876463008e+03
7.681485804335648936e+03 -8.205303576871274345e+02
-5.400695743394410329e+02 -5.747546335361025740e+03
-6.154689553233984043e+02 7.044843769423323465e+02
-4.531202250041847947e+03 1.446247491422446046e+03
1.186216019590548285e+03 1.580897143104395809e+03
-3.630851653282070401e+03 2.589606572518271150e+03
-2.746855851052436265e+03 2.516058294659175772e+03
-2.930080263719748018e+03 -3.428765055387581469e+03
1.056655608404772011e+03 4.190279043080452539e+03
-6.989532984105072728e+02 -5.136261491965801724e+03
1.021292134419861384e+02 -4.655011121989844014e+02
-2.341775423286268051e+03 1.564797685424519614e+03
8.003315547698585760e+03 -4.107585266308013274e+02
1.484390949857929627e+02 3.185092147440986992e+03
-2.703751170807033304e+03 -1.162713377370634817e+03
1.427632398081171345e+02 -2.995314106456796139e+02
-1.643536067815363822e+03 -2.856666820150115200e+03
4.975735355808773420e+03 -4.464903840357548575e+02
-1.571246564241650731e+03 1.910995188410543733e+03
-3.924347944714401820e+03 -5.507591049058551107e+02
7.454521614961228806e+03 1.820085794707672164e+02
2.019676518452286473e+03 3.269539340073117728e+03
-2.122713727515556457e+03 1.839574315520269238e+03
-2.685542105650518351e+03 2.780317190087546805e+03
5.800903021844816067e+03 -7.440534334475051992e+02
-1.293856398681173232e+03 1.372143869305894214e+03
1.914500247876648245e+03 4.091100958363184418e+03
-3.722780813104063327e+03 -1.423523487257099532e+03
4.560584074403707746e+03 -4.558782896209329465e+02
-2.608652440895400559e+03 -2.432798284322143900e+03
3.549159439027541339e+03 -3.372885911793941432e+03
2.218082036768063972e+03 1.912960713491214619e+03
-1.390551011215331982e+03 -1.490956697860101713e+03
-3.142386448081392132e+02 -4.195878848123381744e+00
4.509355962705527077e+01 -3.346196042165514427e+03
-2.132476181633973908e+02 1.327344521968653225e+03
-2.467982512468066034e+03 -3.159256863559925478e+03
-1.568240787946217097e+03 7.972445570740670746e+02
4.187623651957363222e+02 1.534419059535325459e+03
-4.980291425933257869e+02 -3.377187051939969479e+03
7.638829486225433811e+02 1.779197499513104503e+03
-3.840566358422890971e+03 -1.113288270280405186e+03
-2.901143615367473103e+03 7.831680439942654175e+02
-2.512678076470141605e+03 2.434007699338852149e+02
-2.076922426103065391e+03 -1.004766903213511341e+03
-1.616777876914717126e+03 1.240450176007211894e+03
-2.237232364550125112e+03 -1.915137915692928914e+02
-1.296559980797038861e+03 3.684873197403266659e+03
-2.103543383995533532e+03 3.586631114081206761e+03
2.140220945274899975e+02 2.915976084465874010e+03
3.567168354373188322e+03 -1.909940949079091752e+03
-2.234536398818229827e+03 -2.058712712638741323e+03
1.762713825843588893e+03 4.139265713088760094e+03
-2.213343968075650537e+03 9.910107813188266164e+02
4.127129148582073867e+03 -2.050083960058658249e+03
-3.768810681675469823e+03 -1.092546613964263543e+03
-3.316354178842524561e+03 2.517845500602631091e+03
-1.027545955515582591e+03 4.341826425678053965e+03
-1.937450762574094597e+03 -4.601986882391324798e+03
5.634135303847268005e+03 -2.833302940593492849e+02
2.117834386321565034e+03 -2.646949309326741968e+03
-2.361953793408790261e+03 1.507577766978082991e+03
-1.598934364746118320e+02 1.091691796730186070e+03
-3.188673662007214261e+03 -1.820618417403961757e+03
4.009258631016009986e+03 -3.087877805893044751e+02
3.194521794445044179e+03 5.931459595172133277e+02
8.039569383162674058e+03 9.474421107731035363e+02
4.876310461472611678e+03 -1.341191164539898637e+03
-1.086099596824636819e+03 6.921924679517338745e+02
-4.297989547364833811e+02 2.818189092923039425e+03
-2.782239204742451761e+02 2.490834170999594335e+03
5.245074475890406575e+03 -1.758658832961844382e+03
2.140545511023655308e+03 1.908483727519032300e+03
4.847134187938631840e+03 7.499450501255350900e+02
7.364194540835453154e+03 -2.262490638692201628e+03
8.961996895173851954e+03 -1.124723235372493718e+03
-4.718825423966242738e+02 -5.352602792789100931e+03
-1.499534530395787442e+03 -3.835663615833047970e+03
1.218387326190269135e+02 -1.047969596168727321e+03
-3.178076028550392493e+03 -5.644966900549079583e+02
-8.759059035461784788e+02 4.356092664966552093e+02
-2.559597114501064880e+03 -2.333774242842109743e+03
-2.985898841969984460e+03 -2.063966305268733322e+03
1.586761281456655297e+02 3.161540552133966230e+03
-1.526386385105339741e+03 -3.132021479952352365e+03
-1.178889779506031772e+02 1.654476608778954642e+03
-1.860648697935896280e+03 -3.064885761917329091e+03
-3.197002560018127610e+02 1.751703702504240709e+03
1.029713692278164217e+03 4.347572934313157930e+03
-2.204353136229106440e+03 2.153452177007366117e+03
-3.498751148282345866e+02 3.390914822826327963e+03
-2.624350922543769684e+03 2.112701264625975000e+03
-2.086573765944695424e+03 1.117464379208595119e+03
-1.719797260229777748e+03 1.503785866402433840e+03
-3.205405910231326288e+03 -2.987214454945325997e+03
-2.562227755667547171e+03 2.689195264500961002e+03
1.767606774643904600e+03 3.438528720866349886e+03
-1.659634532364676033e+03 -4.791710982080974645e+03
3.029441307581165802e+03 -4.986833875577747222e+02
4.626792976867494076e+02 4.664613090768819347e+03
3.790310295046898773e+03 -2.846914689529387488e+03
5.161542572016486474e+02 4.812793497219277015e+03
2.342833897390154561e+03 -4.262875848324228173e+03
-6.615361903278717364e+02 4.734654231596576210e+03
-8.318657016278193623e+02 -5.250053651264177006e+02
-5.198671099454019213e+02 1.892692563945017127e+03
-7.062988527742015776e+02 -1.000956989339508141e+03
-2.044675881739119404e+03 2.858757236526879751e+03
-1.058072508376235191e+03 -5.770793107070304359e+03
-1.929918463450512718e+03 -2.560542142472193973e+03
-8.858152150080970841e+02 3.384429894587757190e+03
3.727874926005759789e+03 2.072286114945969530e+03
3.442164901661620888e+02 2.626204007265036125e+03
-2.432913096114945347e+03 -1.446291973969488254e+02
1.414111874222179949e+03 4.762162573186544250e+03
-3.431879129228250918e+02 -1.821367974619725146e+03
-3.702584014548426694e+03 3.508509278534461828e+03
-2.622176811178856042e+03 -2.291570298469042427e+03
-6.017296764822671093e+02 2.877159370540068721e+03
9.450302530605516949e+03 -2.623400989417945766e+03
-3.075816570608224083e+03 2.978284494492069371e+03
-1.518243193231934811e+03 -2.886615611540242298e+03
6.100089376334145754e+02 -3.774984957028300414e+02
2.015662343967211655e+03 5.065392049482671837e+02
1.178163095242665122e+03 5.206702867654443253e+03
-2.063176634391965763e+03 -2.786624717221940045e+03
-3.064592863696885161e+03 2.355739213058231144e+03
-4.475207648734701706e+02 -8.662786825410552893e+00
-2.686402654975978294e+03 1.755910123303768842e+03
-3.690746485926586047e+02 -4.398151555880293927e+03
-2.856821038231186776e+03 -3.099438589603835680e+03
6.849162869200236855e+03 -2.650719927572054985e+03
-6.414378551397322781e+02 2.508638621152404085e+03
-2.811923232985054710e+03 -2.712890879490794305e+03
-7.171785260824121906e+02 3.477877959030052807e+03
8.822907205323936068e+03 -1.075720660817760745e+03
-9.165071318036208368e+02 3.619063565438451860e+03
4.645463573905093654e+03 1.494503564805230781e+03
4.650201355177048754e+03 -3.564434076251303395e+03
-1.560871796122183696e+03 2.581676147387871879e+03
-1.916187201444779475e+03 -3.143591270530766451e+03
4.208359196307031198e+03 7.359765895129711453e+02
-1.509206966303861691e+03 2.968474328819972015e+03
8.240334053056658377e+03 -2.694304569113834987e+03
4.307011842499452541e+03 -2.383150966709467866e+03
-2.458207506644111618e+03 -3.412224799691386124e+03
-5.242781280707155211e+00 2.249814408299986098e+03
7.303868139919904934e+03 -1.897745444619832142e+03
-8.745729111129867306e+02 -6.348885541343572186e+03
2.482753721190977672e+02 3.489875734570791792e+02
5.279935172653049449e+03 -1.715416294810500403e+03
-1.534353085860782130e+03 -2.988877661218478806e+03
-2.039022017291465772e+03 9.721770304657507040e+02
2.980800051867965067e+03 -1.410686238563485517e+02
-2.301972052585181245e+03 -2.375608797000846153e+03
1.599169566744108579e+03 4.612897563239577721e+03
9.148453861822406907e+03 -2.208547244262359527e+03
8.835602722092473414e+03 -2.686008554179445127e+03
2.192567067226889321e+02 2.659673624090267822e+03
8.758754912065673125e+03 -3.507636291704479845e+03
1.430836066080298451e+03 1.024796515449117322e+02
-2.318587325113414863e+03 2.340176953584137664e+03
-3.627079117682693777e+03 -2.865157261183716855e+03
4.077550707021537164e+03 -1.636558612793977090e+03
-3.813971577622164205e+03 -1.649305648791177646e+03
-1.327483592691567537e+03 1.024842235970041656e+03
-6.537657251353068659e+02 -2.278284672633699159e+01
-2.979184285234867730e+03 -1.764969113120254633e+03
2.608862653576588400e+03 1.752689438298516052e+03
2.074707319808236207e+03 1.392920894704483885e+02
-8.029213824799094255e+02 -4.780031583884922838e+03
-1.171740082154868787e+03 1.179024840349976785e+03
-1.059079551343921139e+03 2.237652865778227806e+03
1.351369559352662009e+03 1.764271863972809115e+03
-8.489160750827845732e+02 -4.029558478127851686e+03
-3.753259679454353773e+03 -7.742166693548510921e+02
-3.997324234680517293e+03 -2.419987321096022299e+02
-1.243946093358349344e+03 1.784829758923269083e+03
-2.045897690453325595e+03 -2.430288761401656757e+03
6.619653318741906389e+01 -3.552945710827347739e+03
-8.001429623559520223e+02 -4.567180789746239498e+03
-1.219918211392163812e+03 -2.394932220746962685e+03
-2.908572335820801413e+01 4.645974557545845528e+03
2.206692399946946352e+03 -1.708510406784559336e+03
-3.823245062179506931e+03 1.802542044885871746e+03
2.778915062134685172e+02 2.137373406116725619e+03
2.311185518583456997e+03 4.213019278766819866e+02
2.537291145349420276e+03 3.564305307284170340e+03
2.077957307285006664e+03 2.690102388328389679e+03
1.738506062069814107e+03 1.978867975375079368e+03
-2.618830479900821047e+03 1.494872272767715913e+03
2.618682117181396052e+02 2.220763482851135450e+03
-3.483163742218220705e+03 -4.432629508662415105e+02
6.835942724243193879e+03 -2.477155984478813934e+03
-3.972737763688431187e+03 -1.872675568447240948e+03
-9.693380038771941827e+02 3.867263208964630849e+03
1.924044695131169647e+02 -5.067108139071618098e+03
-3.111110456368948689e+03 -6.576096877081065486e+02
6.888400652167480985e+03 -2.828777044646203194e+03
-2.975909489923126330e+03 4.972627655473929167e+02
-2.926108289886539637e+02 -3.759908662727256342e+03
1.375212856186998351e+03 5.069357344910383290e+03
-1.774852273454958549e+03 4.210188203189542037e+03
-1.466138412290830956e+03 -3.721447004275984909e+03
1.310963319537904681e+03 3.902642230441051652e+03
1.979174064417396949e+03 4.133946226121172003e+03
-9.929112518595105712e+02 4.110233358723270385e+02
-2.882961626073180014e+03 -2.695621767354944495e+03
-4.395897319123021589e+03 4.929292302699403763e+02
-1.427699331249342094e+03 -3.240901639609101949e+03
-3.400909070966933086e+03 -6.938431861452903604e+02
-4.428086292689229140e+02 4.703951392903061333e+02
2.582253797695098456e+03 1.441801232560479775e+03
-3.043823119067783409e+03 2.387448428473325748e+03
-1.518350864031659057e+03 -3.878191901396229696e+03
4.884096704253432108e+03 -7.979127514954665230e+02
2.563388616348895994e+03 3.026862699970746689e+03
9.325874808737057720e+02 2.364660796385554931e+03
5.628669737310329765e+03 1.746243154879521853e+03
-1.798191934265781128e+03 2.676872990360830499e+03
-1.914984367089989291e+03 -3.712585944984448815e+03
5.343582838440850537e+03 1.624760926275360589e+03
-2.618481341218747275e+03 -2.452572206827889545e+01
2.755006197030241765e+03 -2.584049422247747316e+03
3.429411788389504181e+03 -6.630646861311614657e+02
1.088270777058298791e+03 6.812124512365068085e+02
-1.440834338238543296e+03 1.289387258935327509e+03
-3.660450452657446476e+03 -4.397594908154042628e+02
9.104168122391085490e+03 -2.227926357803134124e+03
7.688794092093464982e+00 -5.271484943853078221e+03
-4.193409289777668164e+03 5.658600843901500639e+02
-1.044818502515086266e+03 3.279498359421360874e+03
-9.634823349879813748e+01 -3.667315243071931832e+02
2.541223342067648900e+03 3.102414298105681155e+03
-3.355933545440794319e+02 3.496103097492179131e+03
-9.251872855907754456e+02 -5.032443682762454955e+03
-3.215208478871543775e+03 3.535577062482586371e+03
5.086796249250236542e+03 -2.137986876846321593e+03
-1.374279449496900725e+03 7.510100875647060548e+02
-4.405372649026000545e+03 -8.477886948951536397e+02
1.020887599843143903e+03 -1.214508260410735147e+03
6.569373952058039094e+02 1.972209420430359160e+03
-3.919668376729524084e+02 -5.652074990441311684e+02
-2.027972366699807708e+03 -2.418155950008218042e+03
4.530420603129530718e+03 -9.093612042998853440e+01
3.856853804166576992e+03 -1.258666681294855380e+03
7.199164861016287432e+03 -2.988211182712477125e+02
-1.503253355259104410e+03 -1.266538756785114856e+03
2.560839973215588088e+03 2.951943738662985652e+03
-9.374740404677108927e+02 -4.132071089131094595e+03
-3.548516736292953055e+02 2.465153460439561059e+03
-3.022252318674751223e+03 1.955534069050844437e+03
-2.667809077957804220e+02 5.517059866909215771e+01
2.910412054503054833e+02 -4.492075682728342144e+03
-2.603289776396574325e+03 -7.779969903776895990e+02
-4.323472859821361453e+03 -9.173287494926129284e+02
5.268425181007587526e+03 2.120264130862523871e+03
-3.295845119305190565e+03 -3.111295131985711578e+03
-8.481742499886330506e+02 4.685677627274233600e+03
-1.151276263898007528e+03 4.847197866817976433e+02
5.136576110771104595e+02 3.513615170971630960e+03
-6.370545224774815551e+02 -2.454597217679483038e+03
-4.398905081490239013e+02 7.024640776452305602e+01
3.643083972601471032e+02 3.716914508623565325e+03
-3.717314681477694194e+03 -8.406523950312090392e+02
9.687709167433021094e+02 4.422289536060751743e+03
-2.668563382331635239e+03 2.386536914078551945e+03
4.575157013611803450e+03 4.444435003079104831e+02
-2.077151970464904934e+03 -5.291539708377345050e+02
-4.124930804703872127e+03 1.014211185707795266e+03
4.148427481371295471e+03 1.705025867022342254e+03
-6.768920033260665150e+02 3.475822177820177217e+01
-1.515428076420556181e+03 2.324274221176681294e+03
-3.484873581713913154e+03 -2.286728547281154079e+03
9.163361264496023068e+03 -6.570072802297590897e+02
5.831817971502889122e+03 1.342117478758183324e+02
1.188157650902006708e+03 4.563882453857413566e+03
-2.312468145005686893e+03 1.606616827347766730e+03
1.139050175895288021e+03 -7.748654044542016663e+02
-2.913154318645167223e+03 -3.942172854621517672e+03
-3.194509011612306040e+03 -5.035835006593262733e+03
-1.198356122474061294e+03 -4.214891083928227431e+02
-5.071719629405215528e+02 5.136776889555461821e+03
5.688012508166055341e+03 -1.791089273501906973e+02
-3.845411402183391942e+02 2.058000433497786162e+03
1.872491956652751242e+03 4.535159859296655668e+03
-3.039391138524266808e+03 -1.173216627078275906e+03
-1.457337572921896481e+03 -3.020522863545091354e+02
1.798836693652761596e+03 4.947744621925252432e+03
4.989823184325297916e+03 -5.290295477594189606e+02
1.768709035819281894e+02 -1.308011637768290257e+03
-4.069782634453457604e+02 -3.683551789914423352e+03
1.656195015746473018e+03 1.204892042550678070e+03
4.957222548938821660e+02 2.380504555316134883e+03
-2.181996115905295028e+03 -2.230341291854704195e+03
-1.493541989767993300e+03 3.306871874671685418e+02
1.479481649075306109e+02 3.011693032976352242e+03
-1.974838976929181854e+03 1.260776398763058523e+03
-8.961277969505784995e+02 -2.295900387467075234e+03
3.127829755493901303e+02 -2.746207986672442075e+03
-1.708353236544020774e+03 -1.762382022270089010e+03
-2.572954990252598691e+03 -3.598696630014128459e+03
1.053102946592221087e+03 4.146916323700366775e+03
-6.902634719542361381e+02 3.123168806206707814e+03
7.659153401265344655e+03 3.833788598804297294e+02
3.067079240991816278e+03 4.197725560815367317e+03
5.091872992428757243e+03 -1.729749269345361199e+03
1.626353391479183301e+03 -4.702750954837556492e+03
-9.970445940163897376e+02 -2.417806988181660927e+03
-1.097946497085510828e+03 -1.743120973903657784e+02
-2.678730167794526096e+03 -2.800044079331428293e+03
7.940649853411798631e+02 5.086183027120020483e+02
-2.989987405882480743e+03 -2.868651674095875933e+03
2.813204595405446071e+03 -5.234636487961107605e+02
4.525927296854520137e+03 1.128187145836654054e+03
8.769665764968465282e+01 1.866356935158263695e+03
-1.223249812544583392e+03 -3.000104020339900671e+03
-3.470780400036997548e+02 -5.140884766076390406e+03
3.488385926937565728e+03 1.444957256286226311e+03
-9.328290483930883283e+02 -3.046146383999173395e+03
-2.466876420846912424e+03 1.621595170584400421e+03
-1.883635859587520599e+03 -4.108150050942675989e+03
-2.163476325305350656e+03 1.931148890599696415e+03
-8.278799550495724588e+02 -4.408744719155437451e+03
1.388191780164659122e+02 2.557986772019645741e+03
-3.565820772086272882e+03 3.146708847356374463e+03
-2.411207135412581465e+03 -1.103740966204515672e+02
1.049024465854729669e+03 2.259174568837187053e+03
1.664292127388633389e+03 -5.614041912110613339e+03
-3.492513035324895100e+03 3.002732779463677844e+02
-3.007263672756066171e+03 -3.460551828108551945e+03
1.505938912973626884e+03 3.953228149965899320e+03
-9.748710101581242498e+02 1.403616432831440761e+03
4.897229639277308024e+02 -3.608388918225544444e+02
-2.492713590739823246e+02 3.298710293258337742e+02
-2.714121515571903728e+03 -1.787994092998852466e+03
-7.714456132001920423e+02 8.383619123597304679e+02
-3.915644147177784816e+03 2.305630170554736651e+03
-2.430090136414830795e+03 -1.924163517593818597e+03
-2.496461179190557687e+03 1.535103487121392845e+03
-1.356178285450109115e+03 -3.146793030396028826e+03
-4.102324120687869708e+02 2.959657561590568548e+03
1.650242220975816963e+03 -1.385839078853692172e+03
6.166203272686273522e+03 -4.381131615629586236e+02
3.737280966272162459e+03 -4.371350244980949356e+02
-1.289500008261768926e+03 2.217589875845269489e+03
-2.696725006741965444e+03 -2.154338849884902629e+03
-2.028206480391436344e+03 1.380909912574393957e+03
-8.440412115171449159e+02 7.900230939854808412e+02
-3.162626806061477055e+03 1.561506397849733787e+02
1.553878421346049379e+02 1.265824419474618708e+03
-2.303346015060729769e+03 2.513718884708224778e+03
-1.417668197765528475e+03 2.650047846809049133e+03
7.680254040363973900e+02 -2.455706567235226885e+03
-3.121835650889252975e+03 -2.427141061806820289e+03
-1.852819331359736680e+03 2.357910057593963302e+03
-1.176152932168820371e+03 4.224204126959662972e+03
6.416616345164833547e+03 -3.379119587088046501e+03
1.990445092171034048e+03 2.015952240862163308e+03
1.347566408484836529e+03 2.784591862173612299e+03
-2.498525359761909215e+02 2.398346307150740358e+03
-1.341177389339308547e+03 -4.975995399679571165e+03
-2.486206887049748730e+03 1.606360075920210875e+03
3.533220474234216908e+03 4.435682058760439759e+03
-2.909834110004458580e+03 -1.353197822071976361e+03
-2.694952238505846253e+03 -3.892108823162599037e+03
-3.577268710222499067e+03 3.026260156898180867e+03
-1.409117288697902268e+03 -5.593261223938563489e+03
-1.870408320783853242e+03 1.040776118536804461e+03
7.393750182061348823e+02 4.658927298165863249e+03
8.308442069139689920e+03 -3.094887671797534040e+03
