-5.358594086940626777e-02 -4.223101471803256124e-02
-3.105177147629170631e-02 1.360543693206479610e-01
-6.009754450781199658e-02 -3.958171372420975914e-02
1.812391309472508039e-02 -1.439112452451305445e-02
-3.124529326198887194e-02 1.387622862674923740e-01
7.685741052439860888e-03 3.615653105148064483e-02
8.631910568906145387e-02 4.293344071484547601e-03
2.209891365199393928e-02 -1.321621550997854541e-02
1.364906477210796332e-02 -1.229809230839675090e-02
-3.267517724343417529e-02 -2.418711183278792615e-02
1.414684684885787573e-02 -1.759169792523533268e-02
3.653187182756641865e-02 -1.242986847147105334e-02
-5.755703649285658086e-02 -3.845892226606562742e-02
-2.896236992853523998e-02 -2.550062059124726457e-02
-3.152661605631151831e-02 -2.343430077176808513e-02
-5.423984620395633227e-02 -3.978331460567436501e-02
-3.452258873700988356e-02 -3.041489908369185424e-02
-3.028594273833359538e-02 1.303674150372217400e-01
2.700962297524077405e-02 -1.584187086241437004e-02
-2.753481896706696033e-02 1.431780380228921470e-02
-2.063833478201568261e-02 -3.104511039148516102e-02
-3.110596281303853322e-02 5.941034998112837417e-02
-4.088329182162369485e-02 -3.538603881845824028e-02
-3.127564897850014514e-02 1.391717265925595803e-01
-3.684878160248457324e-02 -3.290576133613756088e-02
-3.176660343492188759e-02 -2.371753136602647652e-02
-2.849511998677448088e-02 -1.591328309074329858e-02
1.501999221873865503e-02 -1.888234105190511603e-02
5.910457795760238470e-02 -7.190981094957011807e-03
7.491874068307587120e-02 7.577767871639076031e-03
-2.889008889410919073e-02 -3.328240475619900773e-02
7.254313085557871632e-02 1.539613155147836235e-05
5.143618223977499543e-02 -6.265630735405874549e-03
5.600794841957514036e-02 -5.681789620761524238e-03
1.823428662299897765e-02 -1.700996500987389526e-02
-6.169825569380899682e-02 -3.610204268165072977e-02
-6.461182613975551166e-03 -2.247889178414197095e-02
-5.563614384118560630e-02 -4.005741603663394435e-02
-5.387498739565607653e-02 -4.161896767048297446e-02
6.488184991218931552e-02 -4.934786848721339769e-03
5.206884449518640358e-04 -2.063319498093003912e-02
-5.949974348801306129e-02 -3.892824097752254492e-02
7.350471068647576600e-02 2.201083207051963682e-04
7.949280140275705175e-02 4.228203120709933625e-04
-1.076195774294167601e-02 -2.317753348759370516e-02
-3.184032858777456620e-02 -9.182396655984505218e-03
6.541159493360529029e-03 -1.257875140679870843e-02
8.559999078439264886e-02 3.657121049632763334e-03
4.498827688911352651e-02 -9.838028818818171650e-03
6.376614955770744386e-02 -3.962428644739931193e-03
8.640041685274900407e-02 2.931610273890202477e-03
-2.767584334017204536e-02 2.054487286025186502e-02
-5.790614215584888314e-02 -4.107721939499350133e-02
8.206607866573485677e-02 1.891070608034004560e-03
-2.983512512596605756e-02 1.045026267352460875e-01
-3.559168566692120367e-02 -3.447934615145482884e-02
-1.179808246043247653e-02 -2.504972353929580536e-02
-3.039647320749927495e-02 -2.313620059886022789e-02
3.846716619273528315e-02 -1.117484292899885608e-02
-5.553682200924626305e-02 -3.959532362292130653e-02
-5.335638575087409130e-02 -3.462307739333576190e-02
-2.724221237391053277e-02 -3.493801665158288022e-02
4.978289752680339214e-02 -8.827884352267383050e-03
-3.097573723303005677e-02 1.120311058348224809e-01
-2.399849913496769974e-02 -5.622925503412094100e-03
-4.001051359972738336e-02 -3.264267709245252669e-02
7.315491670305784844e-02 -7.231659600069503509e-04
1.564721878153165630e-02 -1.152589505634226373e-02
-5.455365214837418208e-02 -4.162784561890452151e-02
-2.746118051497438775e-02 -5.115629945633899320e-03
-2.781566098073845472e-02 -2.600981125162368443e-02
8.007527464014119190e-02 1.584357390361513509e-03
-1.348123699942158082e-02 -2.388530604498943289e-04
-2.308373139690146278e-02 -7.143304300205338513e-03
-3.980453512276357214e-02 -2.409559280944342449e-02
4.114807752117394246e-02 -1.085502908828279121e-02
5.860782497969326682e-02 -4.836615705246904116e-03
-5.735403615104184977e-02 -3.855417527878826633e-02
7.195664892141291624e-02 -6.685802120487492183e-04
-5.404045188041741582e-02 -4.029708565157948813e-02
-8.099267407764735444e-03 -2.571769503508973195e-02
6.282059084374305713e-02 -6.142282375966303873e-03
-1.718957712063741775e-02 -2.876424636173899665e-02
6.381945047382331371e-02 -4.999799125194892731e-03
-1.991376121973670657e-02 -2.776778873901409109e-02
1.682828272042597578e-02 -1.693519206721821532e-02
5.052282957430264537e-02 -8.184175384848838691e-03
9.271274217341411716e-03 -1.878939533616142896e-02
7.430567091554317327e-02 2.452998386724965056e-04
5.711194687870844305e-02 -4.180901257240774577e-03
-3.022191574444403964e-02 -6.674800163500115187e-03
-2.943536481461624110e-02 -2.150617139257427271e-03
8.010829166251257072e-02 1.460690203694156543e-03
-2.540193173541544641e-02 -2.242077273428079789e-02
5.055897389148542032e-02 -5.331406369215133632e-03
4.383111780538040403e-02 -1.152703755568082293e-02
-5.469492679689375719e-02 -4.014573065490323334e-02
-9.759789719173180694e-03 -7.333777206415766081e-03
-3.032625488092137098e-02 1.161017381208656329e-01
-2.520147560994244820e-02 -1.729897898785079033e-02
6.173772272296182417e-02 -5.987431423606692782e-03
-4.398268639770128857e-02 -3.481341061241265827e-02
5.539501081476847638e-02 -6.250201090748616455e-03
8.664897525928680344e-02 4.496482659011573173e-03
2.670496369944583281e-02 -1.597506987475376741e-02
-1.963468752251757224e-02 -2.969300413859760415e-02
-3.488144760246014719e-02 -3.537247229000196197e-02
-3.032353829558155980e-02 5.524889055513336825e-03
-2.842846146830904294e-02 1.054766029861961690e-01
-3.074215872891318535e-02 -6.449226603350427522e-03
-3.118346718987188848e-02 1.378195283648041281e-01
-2.031155524962057965e-02 6.842058970566089471e-02
-3.048087409536213988e-02 -2.656882071238929680e-02
8.281143549867470144e-02 1.873426177192889786e-03
-3.017554852834587742e-02 1.134543921285908752e-01
7.779987980782965273e-02 1.234471053133396994e-04
4.751047865296100653e-02 -1.124224755996504344e-02
-8.818186585123630530e-03 -2.681304676134870293e-02
-6.009059098327174803e-02 -3.742986398337318221e-02
-2.074496927778201119e-02 -2.212417948657851782e-02
5.089379691939518308e-02 2.854648486830415818e-03
4.779914540449282240e-02 -9.810610910546779459e-03
5.824486716282607085e-02 -5.927770499605270957e-03
5.778631319125069471e-03 -1.311144212575434363e-02
-5.363529899101657922e-02 -4.086406279187956847e-02
-2.999672856110362912e-02 -1.902932835393965350e-02
3.966001029912884224e-02 -1.283692165010292055e-02
-3.079702527771034995e-02 -9.217421317169649866e-03
-2.873926320989396432e-02 -1.649853282628140072e-02
-3.002023607345597270e-02 1.106153595665003569e-01
7.368288125305773317e-02 -6.532489163984317926e-04
9.257171863499108824e-03 -1.189395449703908696e-02
-1.572349259468407492e-02 -2.803238802396759016e-02
-9.196801011619466781e-03 -1.356796643946234747e-02
-5.362026170008854509e-02 -4.274162672607766805e-02
-5.506584464562377934e-02 -4.202676956818323512e-02
8.571249334596071912e-02 3.561545918893950242e-03
-3.542303520801478450e-02 -1.866605284654251559e-02
6.857125165763842956e-02 1.055361509528594810e-02
8.130523823660702754e-03 -1.277712393548585679e-02
-5.939254405466166259e-02 -3.763317146066040564e-02
-3.078434386615883783e-02 1.188302498383984745e-01
-4.474520643982818346e-02 -3.423555815867816016e-02
2.210583409148078604e-02 -1.759729338504129048e-02
-1.648707190529368968e-02 -2.715977932069054551e-02
4.407418326929724711e-02 -7.869650696657209954e-03
-2.697578047666114587e-02 1.008043854619809221e-01
-1.040512550033638808e-02 -2.358157183486309441e-02
2.706151518978811704e-02 -1.620881407721468104e-02
-3.083015713868763816e-02 1.281480286622522502e-01
-3.278504678094244784e-02 -1.858391351727489010e-02
-9.583691650418646110e-03 -2.280131015759582352e-02
-5.381402208502548273e-02 -4.276108471311890202e-02
-2.890711740426391355e-02 8.831286160988717493e-02
-5.142340248178816492e-03 -2.178074939191746578e-02
-2.765830488573742946e-02 -1.862403287860419851e-02
5.194765131376173628e-02 -6.740857750638838686e-03
-3.089152397479844395e-02 1.366251178278337086e-01
8.551946388806211385e-02 1.906315546447056881e-03
-1.188713982024880780e-02 -7.925547867093235826e-05
-3.345046699289865033e-02 -1.399926269522218034e-02
6.275767817964088280e-02 -5.631563337519638994e-03
-1.115267349251444252e-02 -2.379190548499976465e-02
6.899099409599421251e-02 -2.816946217066087187e-03
-4.713018544863825654e-02 -3.234778538210028587e-02
8.432045378363059451e-02 1.881652872111891969e-03
3.023129370225616491e-03 -2.162156038509397901e-02
-2.023738880687703939e-02 -1.014004073166317743e-02
6.972181564010961063e-02 -5.525867215877840839e-04
-9.104219543112019100e-04 -3.708732185504623989e-03
2.245221458515144625e-02 -1.720018886214985665e-02
1.588734981612158551e-02 -1.722390211296183360e-02
1.955554428977804293e-02 -1.915220651432618729e-02
6.400668182578606036e-02 -3.432826778637587499e-03
-2.258665420968386517e-02 -2.707402310789584765e-02
2.548345161761279842e-02 -1.207282950609906216e-02
-2.511535526742684002e-02 -2.457649082544697064e-02
-3.634891484888804619e-02 -3.158099185429564387e-02
-2.995986755286753761e-02 -2.667974940338098747e-02
-1.121518578146151780e-02 2.947112383936139821e-02
5.017206729478392024e-02 -8.162363702535103613e-03
-3.297497030872224150e-02 -1.087246814822521133e-02
-5.357464018096003838e-02 -4.073207016279110221e-02
-2.390711516410806356e-02 8.469442580273769949e-02
4.302999489857131654e-02 -1.012041844913335806e-02
-5.356023606968367962e-02 -4.061934989181551631e-02
-2.172969968510100880e-02 -2.438858859455837746e-02
6.530295204075657611e-02 -3.453337753989216448e-03
-3.098359822289388152e-02 1.357200448976469964e-01
-1.310377302886799912e-02 -5.098939568542936937e-03
-5.376576469705087596e-02 -4.247105981295763028e-02
-3.865552298528100034e-02 -2.240277926550727008e-02
8.371673851380594111e-02 3.611137743435738692e-03
-2.931716632609022988e-02 1.125031717205506321e-01
-2.487688649543708802e-02 1.419486781226719264e-02
-3.103809428006783569e-02 9.954812515667101069e-02
-2.907417682455262428e-02 1.096414614933596543e-01
9.894836372766576457e-04 -1.886439158565614976e-02
-2.775366188561153441e-02 -2.366484211773133006e-02
-9.692591302854776381e-03 -1.093641029633726433e-02
-2.851920040818324911e-02 1.008203730615132021e-01
-2.835551374870598842e-02 -1.646079600342604046e-02
-2.978573939910461599e-02 -5.332031574973729315e-03
-3.123286911848732056e-02 1.382186765383098814e-01
-3.078359399028990362e-02 1.223142446400554001e-01
7.238053283989669129e-02 -2.334653478874737509e-03
8.189103253597725118e-02 2.483271682876100396e-04
1.376639517658982161e-02 -3.080919282505915902e-03
4.103121213848168886e-02 -1.033169144848811172e-02
-6.141082598260866332e-02 -3.692507990916779614e-02
7.291215718690263747e-02 -2.079781526529018900e-03
8.060183673107441937e-02 1.606238523570541372e-03
-3.800084330438839586e-02 -2.981955748290587155e-02
7.287785539086870379e-02 -2.406066830330529267e-03
-1.391334200332927304e-02 -1.565600065209619279e-02
3.519134486866231509e-02 -1.111826664921806464e-02
-4.444885197171554586e-02 -3.124212532977521661e-02
-2.915469907074423953e-02 -2.173174045041742497e-02
-5.554074824495314200e-02 -3.945028429636190243e-02
-2.286780452182048465e-02 -2.406427167906633607e-02
-1.004577180793731622e-02 -2.516962244555482481e-02
-5.409878637440387189e-02 -4.251275768444641445e-02
-4.232454086246702218e-02 -3.584945163048788158e-02
8.645284255799573492e-02 2.916029710620965387e-03
-5.418405875463760957e-02 -4.086417867796708625e-02
-3.477073431928279224e-02 -2.074865873754882378e-02
7.540522632461148234e-02 6.546648511052121158e-03
-3.155384113691112047e-02 -1.444620160444615338e-02
-3.053989895168391505e-02 -2.358464021731123544e-02
-7.480322759783391770e-03 3.747809405317447523e-02
-3.431318611503068189e-02 -2.609923663710506103e-02
2.032003383631975080e-02 8.784221501645079686e-03
-3.156801461023982930e-02 -2.781827484608970918e-02
8.294690519863767014e-03 -1.660470534111249327e-02
-4.959190015829782056e-02 -3.515056390590014929e-02
-2.339490780476170470e-02 -2.871062745106511480e-02
-3.909627267815796864e-02 -3.713739490377466340e-02
6.820716457830765245e-02 7.153950988234283534e-03
8.150738873182997168e-02 7.428400663390961726e-05
-3.281006985782516927e-02 -3.190067442684998283e-02
-1.550739314169731313e-02 2.448803183051155921e-02
-4.945203922675938703e-03 -4.486515784138299379e-03
4.029344432754916605e-02 -1.351965181242964845e-02
-3.010341110739946091e-02 -2.563810278641433585e-02
1.374786652209432358e-02 -1.961853794668868070e-02
-3.351876603641248953e-02 -3.276321494262581652e-02
6.952360628028550482e-02 -1.584501636593001715e-03
-4.776732042908878040e-02 -3.679714346534784103e-02
-3.114033319648883483e-02 1.372290787354546460e-01
-5.364072993437785097e-02 -4.258021318334764133e-02
6.300722959649804333e-02 -5.699185689186821169e-03
1.550969048994384029e-02 -9.948121353569127842e-03
-2.138111859331787851e-02 -5.212814520431417221e-03
-3.099938111743239313e-02 -2.475417850558805227e-02
8.558931181020133783e-02 1.896423159650941501e-03
-5.356407270761428391e-02 -4.094624464117872786e-02
-6.139068779188943531e-02 -3.896940182937711633e-02
-5.391756194599332114e-02 -4.165754150123463645e-02
6.563668011250971268e-02 -4.054396038869927284e-03
8.350360181244159685e-02 2.316914789350945931e-03
-3.043864699645093541e-02 1.272811355288660518e-01
-2.759879819974088433e-02 -2.896730882965870696e-02
7.807820674380991366e-02 1.709971974243981513e-03
-4.044814284873076565e-02 -3.473759662768720335e-02
-3.058633568558604202e-02 1.145249114240370625e-01
-1.925907715729680697e-02 -2.290463688027982725e-02
-3.029707384304995005e-02 -4.928511952436474310e-03
-2.890183253074465192e-02 1.068778263986270710e-01
-8.878010957368264941e-03 -2.169281286405910433e-02
7.984528220416983735e-02 2.387638179203413914e-03
-3.059201783980112707e-02 -8.103672859440649856e-03
-4.562639378646499155e-02 -3.705824795579466813e-02
-3.088966606801395176e-02 1.334493927098811539e-01
-2.898029943066667349e-02 1.079136734972753475e-01
8.614961360424898407e-02 1.657144798351151182e-03
-5.024758561816459503e-03 -1.660696899074011121e-03
-2.946088051569017638e-02 9.883281929624967987e-02
7.341574592858390869e-02 -7.317475281590989609e-04
-1.870159844751670408e-02 -2.675519174284853377e-02
-2.830505007571608098e-02 6.074314615733842487e-02
8.390129123200988637e-02 2.440449948452215554e-03
-5.356830631202239013e-02 -4.308701269492326569e-02
-2.955076897402402966e-02 -8.293346993309037504e-03
7.888540277117238320e-02 -8.134255593194983760e-04
-3.135452985971106526e-02 -2.531030044917634975e-02
-3.061428303430341336e-02 1.251521387392375284e-01
-3.127598340382826275e-02 1.384706252856681696e-01
-4.549521427724479566e-02 -3.608564384339696396e-02
-3.128008249349956138e-02 1.393149392046751645e-01
-3.383564393002060772e-02 -1.731909384235867655e-02
-2.686101318519557371e-02 -2.998102028014400580e-02
5.142539700879805720e-02 -6.604964977781897610e-03
-2.842910429414974294e-02 1.018987212288639116e-01
3.442539030228584235e-02 -1.199056316333273024e-02
-2.513881327290267559e-02 -2.950041063478184636e-02
-6.159139675860143825e-02 -3.622590791325627085e-02
5.920727970794190803e-02 -5.154857647003847736e-03
-3.056107523208704060e-02 3.297755220790034563e-03
-1.459550303376452515e-02 4.958985148558107264e-02
6.811531530879294527e-02 -3.534837119118759002e-03
-1.282495254868226166e-02 -2.571756532626563382e-02
-9.649100672809753088e-03 -2.037061546834693579e-02
-6.017319109476977103e-03 -4.519422499044334005e-03
8.010715939725611412e-02 -6.789958512395408239e-04
4.766206620885961309e-02 -1.074217219599502525e-02
2.811960639281946631e-02 -1.450582400805593489e-02
-9.531932570565187016e-03 -2.026183887405666462e-02
8.307937430051882954e-02 3.451528225577394585e-03
7.559528131401541118e-02 -6.208576936890045084e-04
7.617991938067202040e-02 3.135732923937612632e-04
7.496635604163644218e-02 -1.910541953160980891e-03
-2.986895922582808935e-02 -1.950824248527579380e-02
-1.938782840146990177e-02 5.924156134000554269e-02
-2.955586411470445887e-02 -3.534990244332036208e-02
-3.342319316355942677e-02 -2.289261406117150052e-02
-3.255376278414136987e-02 -1.342406754496884916e-02
-2.673252280560738450e-02 -9.604472422153557953e-03
-3.421892127093252578e-02 -1.891621541436067089e-02
-2.053213843845333800e-02 -6.419654045384018924e-03
1.559105892610002922e-03 -1.958993693459053567e-02
-2.371785500773381655e-02 -2.174506628963992355e-02
3.244606717150912839e-02 -1.540727384547730186e-02
-3.084332859266831692e-02 1.329531864406570119e-01
5.417427087248442158e-02 -8.855327524011401621e-03
-2.280305218644682747e-02 -2.229482784885452457e-02
5.481536669160707448e-02 1.414018407221844659e-02
5.264970385631644739e-02 -7.902509438134452599e-03
-3.120317516879934916e-02 1.382657729978249150e-01
4.127537501913220754e-03 -2.144753674257575751e-02
6.694055707983335990e-02 -4.371007732689244016e-03
-2.645382772268682625e-02 -2.088587357158717267e-02
-2.412493219684026802e-02 -2.677303431634583258e-02
7.487798122694697134e-02 2.630213703327260750e-04
-3.414049651022733889e-02 -2.203641345870749335e-02
-3.257414401551000233e-02 -7.682417095776247588e-03
-6.119983826815621197e-02 -3.856679791720116213e-02
8.563478619642769796e-02 1.144637883447111471e-03
5.229529641547587746e-03 -2.004579577104308521e-02
6.839983293768027439e-02 -3.835299863163521474e-03
3.719521938328294863e-02 -1.344628377655928547e-02
-4.509713492112173844e-02 -3.242297472280392112e-02
-1.236874965466586498e-02 3.486381941044541105e-02
-5.353004652972302713e-02 -4.076807934538136113e-02
7.951265047115627094e-02 2.056203040187002534e-03
-3.138482151887812821e-02 1.371296276625523225e-01
-2.656099114724592286e-02 -2.000096118858023242e-02
-3.805552718539566281e-02 -2.256338700315474108e-02
-2.827812012459104615e-02 5.038564189103870994e-02
-4.215624110473614045e-02 -3.606914057686295277e-02
5.953858590146056395e-02 -5.595953491449695907e-03
-2.805183111786994574e-02 5.397185792326012616e-02
2.113681622126934584e-02 -1.680267488887930705e-02
1.998865468590584581e-03 3.390759620535056806e-02
-2.045880910943041059e-02 7.220446263771716777e-02
1.478266224016059390e-03 -3.267292053398333698e-03
2.518505699729176278e-04 -1.247843176079111924e-02
4.908717552497898068e-02 -8.411149005652231864e-03
-3.110748463150824622e-02 1.349239820887310204e-01
6.019762042222894655e-02 1.775738433232021060e-02
1.778158084123362612e-02 -2.022328382979030753e-02
-5.496906996718443211e-02 -4.160644723382837112e-02
6.278538180769139415e-03 -5.664478429846533936e-03
-3.019196486747797656e-02 -1.842769771340265622e-02
-2.915581403142512851e-02 -2.436052852743122998e-02
7.344919697802200498e-02 -1.587745083506042791e-03
-2.590015989527152257e-02 -2.993059592656853451e-02
-2.966495121427248707e-02 1.172899582521101658e-01
-2.764548886386660603e-02 -3.130992155078807931e-02
4.391443989947294013e-02 -1.172776521988763872e-02
-8.756480191563470461e-03 -2.398297907177696781e-02
-4.610759895339044956e-02 -3.676846147098227630e-02
-6.163249244133475052e-02 -3.686458474145546532e-02
7.824688834667516135e-02 1.066323321168662509e-03
-2.900530324408627514e-02 1.183882298498502295e-01
-2.288107233798121823e-02 5.987923742333550563e-03
-3.069837004538570821e-02 1.300106094194976580e-01
3.466409800604453723e-02 -1.328478526824513825e-02
-2.464765444996415075e-02 -1.187266585353629993e-02
6.799604589050674275e-02 -3.952051438540610771e-03
-2.164980835386647734e-02 -2.240291617370827534e-02
-5.341026197848770113e-02 -4.172403348386641980e-02
-1.557855921920945838e-02 -2.744355478082394911e-02
7.509370218270229602e-02 -1.133051720363121087e-03
1.990299606532108800e-02 -1.341384524191625328e-02
4.538104215243333323e-02 -1.023693991626554306e-02
-2.849100209730624084e-02 6.068277062691684876e-02
6.648241049451927842e-02 -2.211206045253945839e-03
-2.054665095394816662e-02 -2.456439023295095905e-02
-6.070698530623012262e-02 -3.685276825205035384e-02
-2.846224949777218655e-02 -2.497834165001737786e-02
8.198701031274797935e-02 1.139774132762005031e-03
-2.469258065200211766e-02 -2.758643124217519116e-02
-2.908765959801068099e-02 -2.256244048984563239e-02
4.148768676157771340e-02 -1.141571320092434581e-02
-3.470861472085515903e-02 -2.454406003331132541e-02
-2.002699898882505034e-02 -2.958406304680673629e-02
-2.784769123913623592e-02 8.266142049887920378e-04
1.433099890245157805e-02 -2.013237731463340605e-02
-5.868203962543970531e-03 -2.581358533314264889e-02
-3.027888451141238710e-02 -5.405141649355450079e-03
-6.145089473277449282e-02 -3.897691851916929712e-02
-5.443309831201485066e-02 -4.080303037730365068e-02
5.408855763119042176e-02 -8.190449586868559645e-03
-3.074716105712663530e-02 1.208190183759964981e-01
-3.091970161612454110e-02 1.352844791737676522e-01
-2.574054905466570745e-02 -1.780396465500702630e-02
-1.453433922941085345e-02 -2.578290261235395217e-02
-3.355177319620274157e-02 -1.355653955728689831e-02
7.779716210780635022e-02 3.762321591821770304e-03
6.343553056407459645e-02 -3.569565049253447045e-03
-7.673489023075704893e-03 -2.012980668647470356e-02
-2.293716429805262372e-02 -2.770656746083480573e-02
-2.973785734845300205e-02 1.221552213227145856e-01
-1.175861599325578842e-02 -1.250813399964899666e-02
-2.828150054036403238e-02 -1.264913772303231584e-02
4.500336005207091622e-02 -1.050925367427547885e-02
1.189563642567730397e-03 -1.745062710240612505e-02
-2.697361154702283825e-02 -1.230105018410028103e-02
-2.692291052020822500e-02 1.007602082123958270e-01
-9.057395892478831492e-03 -2.163480976498002514e-02
7.249506737347660712e-02 -8.600552231719736087e-04
-1.992598222376287115e-02 2.080098846229581563e-02
-3.708289955213264766e-02 -2.158673107802353344e-02
7.307892395598221402e-02 2.370749210205329663e-04
-6.048062467128077074e-02 -3.804737998740773813e-02
-2.562117866688098239e-02 -2.552446953579399352e-02
-5.447332659803139771e-02 -4.221925947297001241e-02
2.995507138459441512e-02 -1.282486542685748465e-02
1.748670036179763437e-02 -1.011107899298071058e-02
2.252401903032673000e-02 -1.599673214697103218e-02
5.998358203005249578e-02 -4.968767482489216784e-03
-2.476497213176731202e-02 -1.983309820609604340e-02
-4.743525174034479708e-02 -3.623091078355367839e-02
-3.106023856401993188e-02 1.224018675459699890e-01
-2.873191273374808147e-02 -1.500921486118141079e-02
-2.872845056701293920e-02 9.912870474643367680e-02
3.906220139891398296e-02 3.492364878865274191e-02
6.312187045175117472e-02 -4.328767071081068840e-03
-1.914799123217493949e-03 -1.246762417467088720e-02
8.232560155946319624e-02 2.805554497163168740e-03
-9.014345661989043440e-03 -5.431148822043576664e-03
8.421232502424087774e-02 1.106733450061105723e-03
-2.751274165111387490e-02 -5.783844087978405601e-03
-2.021719657115129617e-02 1.878967785988553546e-02
-4.381318625149041541e-05 -7.017678622618351257e-03
8.031896976402856658e-02 2.074712628692974674e-03
7.267083157587765629e-02 -9.650918635311827101e-04
-3.158141723788043809e-02 -9.930606164804374816e-03
6.812451152817540490e-02 -3.189924275590056216e-03
-1.653408804172552121e-02 -2.750159445246560391e-02
6.381649835682436100e-02 -5.085558742458400755e-03
-5.560156890606835628e-02 -4.044898913275907920e-02
6.946402124595764394e-02 3.515114029773663742e-03
-1.701276437342011394e-02 -1.888422562558042181e-02
-4.667531090922169557e-02 -4.022507009282837165e-02
1.392994097119398117e-02 -2.004960556067469230e-02
-1.685527472942869448e-02 -1.628328816279102018e-02
3.681670583269753411e-02 3.371586797024293813e-02
2.195728907045096587e-02 -1.629576685407629205e-02
8.580634843755560737e-02 2.863430766695636374e-03
-3.173734190714678355e-02 -2.112603854130102807e-02
-9.289641561982650911e-03 -2.594222477541355612e-02
1.487386052024563090e-03 -7.575201687703129842e-03
-1.060873924370961396e-02 -1.532197213960159905e-02
3.306281179507398332e-02 -1.267693468600801336e-02
-4.481704972188309440e-03 -1.167152754302954593e-02
-3.683785416779942340e-02 -3.514818928880701632e-02
6.050280614690101838e-02 -6.661024591171739798e-03
-5.328620122426865752e-02 -4.281566972277363325e-02
8.340452667901185335e-02 4.175634264271176565e-04
-4.118589378614548324e-02 -3.408344026926533182e-02
-2.930603145249159602e-02 -1.499502751622439935e-02
-3.116549330469043505e-02 1.312301780319581335e-01
-1.698748639919071823e-02 5.870101998895391193e-02
-2.640286568844607204e-02 -2.411501109850570229e-02
5.732544543699369388e-02 -6.730878395630131988e-03
-5.658576671982773476e-02 -3.983735995484163905e-02
-1.552187447853281728e-02 -2.197493938061986785e-02
-1.593887255680417371e-03 -2.600876052442346528e-02
-5.551349223957805119e-03 -8.219431439781849091e-03
-5.382333588358251958e-02 -4.055200171008851301e-02
-3.049399988186778099e-02 -3.027783814893382844e-02
3.240304739013685764e-02 -8.865751747844714814e-03
6.050585985983993748e-02 -5.487606616415400401e-03
-5.403178244736193264e-02 -4.098574889689684392e-02
-2.491988840074307876e-02 -2.910420669127799370e-02
-3.006626542843460551e-02 1.133389510154580171e-01
-8.928674359883327291e-03 1.464684244988275277e-02
-1.355324221924518457e-02 4.062005470643713714e-03
-3.946194559713774724e-02 -2.699400555354005207e-02
7.478055346528358904e-02 8.449814283419675740e-05
-5.345087013441075785e-02 -4.049173267439647866e-02
-2.748521124128546281e-02 5.027418969039800303e-03
8.245028735071459336e-02 2.090617991091671748e-03
6.235763988867415453e-02 -5.821766734457864238e-03
-5.386588560161321287e-02 -4.044607441687528976e-02
7.379647773365458074e-02 -2.371489331464486996e-03
-5.918384866572855285e-02 -3.873982282805440297e-02
-2.777135333161399183e-02 -2.048359022536479918e-02
-3.093571953137941311e-02 1.344265012667953396e-01
