5.873610286376734848e+02 -6.637944099786620882e+02
-1.860579878209841127e+03 -3.724384267318758930e+02
8.237751693492631375e+02 -3.267693700623387372e+02
1.141999951053967237e+02 2.173643409228065480e+02
-2.114336310147163658e+03 -4.484346129120474416e+02
-4.028307483600972887e+02 2.148681076479442993e+02
6.599092549149730758e+02 2.567408783158992946e+02
1.170203724283675086e+02 -7.992224522556499267e+01
-1.119930435432891187e+02 1.861123439542288054e+02
-3.418626601869722208e+02 -8.013941734458237534e+02
-3.692565196667016636e+01 5.993822307378292180e+02
4.859979561426691816e+02 4.565477627380709009e+02
8.983509355457771335e+02 -3.920015603036445668e+02
9.949966428130744278e-01 -5.477692532021847001e+02
-5.205508568626424903e+02 -7.176645756506075031e+02
8.865480380547584218e+02 -3.882065564758788128e+02
-2.273342667056876110e+01 -9.008414389850705675e+02
-8.782824824097190231e+02 1.417862054591411720e+02
6.405473462261095392e+02 1.777475708511921937e+02
-9.950453198133897104e+02 -4.760079861643329764e+02
3.419562363957722368e+02 -1.202726417143641982e+02
-1.939981108580502394e+02 1.183480724259202645e+02
-8.419363855800149565e+01 -1.385547535624850298e+03
-1.465340117473513146e+03 -3.277165656414765635e+02
2.239183948006033802e+02 -7.873649187648512680e+02
-2.598640418902225520e+02 -8.373541615223909957e+02
1.052743823981614071e+02 4.611190273289323045e+02
7.055789827606741937e+02 -2.652402717590331349e+01
6.868838483254410221e+02 6.901509004434046801e+02
9.799521182884660675e+01 7.363008859114680718e+02
4.218340889340648232e+02 -1.387289431312726329e+01
1.945223288328727733e+02 4.206427108284005953e+02
-2.960239970209258331e+02 7.431098850779750364e+02
3.351178256913789824e+02 1.011064673563979682e+03
3.150910231859896271e+02 2.748540371999094418e+02
5.930839294240605568e+02 -2.621211821343146653e+02
3.352364014698658821e+02 -3.806927380470779099e+02
7.753263702608275025e+02 -6.744853061719064726e+02
8.277238193244487547e+02 -7.366677203972898269e+02
3.181995122339917543e+02 9.062431380996385997e+02
1.979501830980288446e+02 -2.534153357268893672e+02
8.240878004348883223e+02 -5.023179565048450854e+02
-3.023464021043800471e+02 7.797909467674085136e+02
-9.426021856744742422e+01 5.177409162118300401e+02
4.091589160231877145e+02 -4.608916466367223563e+01
3.547958521957083633e+01 5.651051436170286024e+01
2.906909766472509773e+02 -3.331048432784906481e+02
4.908546864035203612e+02 3.618946847053878741e+02
5.097943473582538445e+02 3.091065377093406710e+02
-7.057924533286524138e+01 1.149061295727582092e+03
4.701825144923221274e+02 2.551386224139000944e+02
-9.182095257903514494e+02 -6.587242148425938240e+02
8.224178008366724271e+02 -4.917640241122354041e+02
1.496041273997814187e+02 1.896659954761537392e+02
-1.525202048515798424e+03 -2.142912812393840056e+02
5.716369778613219523e+02 4.751706631668751157e+01
4.310525394157790515e+02 -4.389475846860448200e+02
-1.056639309621545380e+02 -5.714586944736698797e+02
6.979045121353757395e+02 4.377543850612792085e+02
8.564138616620504081e+02 -5.386879401386844393e+02
3.403525084483728165e+02 -2.992595222656438523e+02
4.623191173561264122e+02 -1.335605289459342373e+02
-1.180938067518900567e+02 7.957479088676756191e+02
-8.737209098322420004e+02 3.922179311968503725e+02
-5.186417918175792465e+02 3.721591384607491477e+02
3.747916394946277023e+02 -6.675236171860849481e+02
-3.771356090397930672e+01 8.686341596907537905e+02
-6.963220298875509684e+01 -2.044229788697955428e+02
8.028376228682948295e+02 -8.450801396427167447e+02
-4.360129238835352083e+01 -2.558348650442426901e+02
5.306535742488041762e+01 -3.438899780356770748e+02
7.536277242064312532e+02 3.018447311428095077e+02
-5.882260822109601577e+02 1.306370225365790816e+02
-1.148932499479019270e+03 -5.158924678224465197e+02
5.851280135595604861e+02 -4.018956363622205572e+02
3.246629165954397536e+02 8.747196267151255142e+02
5.446179221263881800e+02 6.114752127359229235e+02
7.669664419801212034e+02 -3.064972318754086018e+02
-1.597056742969151344e+02 9.833193074288460593e+02
9.248291876793964548e+02 -6.322423591846471709e+02
5.725375081941579083e+02 -6.134033540478296942e+01
1.184083236097921485e+02 9.016943209553000997e+02
2.683353402594337354e+02 -2.280451743542149359e+02
5.239180673104719972e+02 4.806868730944938761e+02
2.003693571528489485e+02 -4.797598875033648937e+02
5.954240807169508116e+02 -6.383048369086189666e+01
5.340379371249822498e+02 7.245837864914956299e+02
1.655577671826264350e+02 -2.691719366635449546e+02
1.401443595257021570e+02 7.988552477237011544e+02
-1.366740598468392420e+02 5.210451787004913058e+02
-1.127828383846678229e+01 -3.152853196783311205e+02
-3.961894298884497516e+02 3.597956810427378969e+02
5.380299497263297326e+02 3.424148342970540284e+02
4.826174304789306575e+02 2.756992377802312717e+02
-1.510545562581090451e+02 4.307621466592768229e+02
4.775531454574767167e+02 6.841887595111129485e+02
8.889351098103448976e+02 -5.298144236846530930e+02
-7.404370121160961844e+02 -3.722747623745236751e+02
-6.762575728682074896e+02 -7.575041781533280982e+01
-1.131314082998886988e+03 -7.182309445394211025e+02
1.675081692233716524e+01 1.007996628690185730e+03
1.801259913007673106e+02 -1.108936551362763112e+03
-1.422391994658357284e+01 8.961524254193420802e+02
5.529721760747489725e+02 3.157065274331019396e+02
-2.724047777860597535e+02 5.286071257463245274e+02
4.809436392877270094e+01 1.446219056067421889e+02
4.263027111536012512e+02 -9.394818945360165685e+01
-4.252999711944439696e+02 -5.384781932584427295e+02
-1.412225722805912028e+03 3.645033774086180642e+02
-1.157334122753868684e+02 1.270386924710055894e+02
-2.193378309019685275e+03 6.957665160709329655e+01
-4.012825205250383647e+02 1.005130247142243434e+02
5.458117846098705428e+01 -1.501228707188248563e+02
4.017576460553723905e+02 2.415442906292527070e+01
-8.723364529401127356e+02 -1.791785231896685673e+02
-3.187722473210165219e+00 4.590669662865666965e+02
1.335674687304824886e+02 6.393740675294227458e+02
4.076118223640330029e+02 -1.228169401884175045e+02
8.034515591208199794e+02 -4.285643188159933175e+02
-4.172566598985284259e+01 -3.750611976296335115e+02
6.835536382827894775e-01 1.545579566601843169e+02
1.245800230872727212e+02 7.573843198912901471e+02
-1.342224777712090997e+02 1.179760665210962543e+03
3.027874059579380059e+02 4.306686391349776386e+02
5.942115521375809521e+02 -5.161971626147615098e+02
-6.151563873019915007e+01 -2.438161456319399178e+02
7.523301230490093303e+02 2.263163995625985763e+02
-1.482597719546491533e+02 -1.013646317929951834e+01
-3.528923500328128515e+00 -6.573396917756120672e+01
-7.055618157141959728e+02 -1.209526598994084310e+02
-5.266089728118893163e+02 7.253537780132068065e+02
-3.285253399358106208e+02 1.880312138360942242e+02
1.334484254940255994e+02 -3.341380504062333898e+02
2.098292183467417829e+02 -2.162432009199957861e+02
8.207239936586029216e+02 -6.573290207172747159e+02
6.866360635075187702e+02 -4.595705369006253136e+02
6.246366963498894620e+02 3.764051237243561445e+02
5.328908592370206065e+01 -7.928175856690401133e+02
-7.072079902253519457e+00 7.049723519619724357e+02
1.893555892312267019e+02 -1.691928224912163614e+01
8.681120165173113037e+02 -5.523230556657384795e+02
-1.170800034962213203e+03 6.505693274648499482e+02
4.217135453761461577e+02 -7.460494536331491418e+02
2.186557420880112943e+02 5.546515717206845011e+02
4.597068001115306402e+02 1.675903914403530450e+02
2.871258245721884350e+02 7.712490840066064948e+02
-5.998420582633021922e+02 -3.912788970143737401e+02
-2.689015426111610623e+02 1.617385254916219424e+02
1.762989444556737624e+02 6.936896642271630071e+02
-1.859983032461299217e+02 1.356458741546198326e+02
8.102167084530252916e-01 -6.380457218156270756e+02
1.007902843505360977e+02 1.133800876748291984e+02
8.419027841544807416e+02 -8.064044851426490368e+02
-8.189329480419629590e+02 -2.108699881505488634e+02
3.127090535088730689e+02 1.141860937909259803e+02
-5.642026873944254248e+02 -1.072403801418428884e+03
2.818080053714479618e+02 5.378101720611095971e+02
-8.085688987212442953e+02 1.760689236982294972e+02
5.292669543109369670e+02 1.096728945299178406e+02
-8.515305399171123781e+02 4.761089661505963022e+02
3.216797921466504135e+02 -1.131387393075367385e+02
5.712288143606890571e+02 4.038377744079364788e+02
3.510272033523033315e+02 2.726751013001708088e+02
1.184750910438107496e+02 1.069732249956568239e+03
7.118253480023640805e+02 -3.055604925107850249e+02
4.815880966706095023e+02 3.721102280944000427e+02
5.404808490639182992e+02 -4.192293425785244381e+02
-1.476545956989717290e+01 -5.630673677898666938e+02
-5.338982207597446177e+02 3.759340342659662610e+02
-8.633163822847836855e+02 -3.028227532495820284e+01
-2.721993248692938039e+01 6.218808041572507364e+02
2.743156876268693622e+02 -1.897171588693956608e+02
1.953127988627578020e+02 1.086251665774747863e+02
7.408692142701485182e+02 -3.701712842657774161e+01
2.032938277591916858e+02 -2.653034979237842208e+02
4.276171439238197536e+02 -9.156417861007524550e+01
-4.286094443774377964e+02 -4.478426380208356363e+02
-1.713130999656340236e+01 -1.382600104059960131e+02
2.281039113319605072e-01 -3.014832713073130321e+02
-4.291984216224875581e+02 -8.501107474767356109e+01
5.167482990902793745e+02 4.406141062124168570e+02
-3.832854838350143467e+01 -7.578506823173811426e+02
8.676792900583474193e+02 -5.240134916388611828e+02
-7.326541530248979370e+02 -1.772302192227372188e+02
2.204751551114609640e+02 6.591048126071318620e+02
6.744049077452921210e+02 -6.950307490456958703e+02
-9.548122186261959854e+00 -1.152993317635444441e+02
-4.443408867309601646e+02 1.163629445371708698e+03
-1.220780394228784417e+03 3.342405587898069257e+02
-3.874135941646100036e+02 5.585865687145911807e+02
5.835330320677621785e+02 -3.152714097931881270e+02
2.182062350946081324e+02 4.511687345299295515e+01
7.859053942466941862e+02 1.041588282458041448e+02
-6.323651106298774494e+02 -2.074806227439451618e+02
-3.438038441609016900e+02 -2.991003027332249644e+02
-4.547643439261840399e+02 2.647684526289087330e+02
-1.014702073562760461e+03 -1.693907092171919260e+02
-8.696367732105618131e+01 1.453175462787117453e+02
-1.110339442024644256e+02 -7.097614436612839199e+02
-5.326730377283851681e+01 -2.565993496066894863e+02
-1.047506351786937330e+03 -1.415810082822597451e+02
6.333967374805568795e+01 -1.535030592754944792e+02
-3.616841333289821137e+02 3.015312320788611373e+02
-1.626033278129554674e+03 -1.304998547237770481e+02
-1.116686698644872422e+03 -8.476800768591630231e+00
-4.228172274666445674e+02 4.417967867868445069e+02
2.757718325279200258e+02 8.255431679507099716e+02
-4.787993219861722309e+02 2.278575820288243676e+02
4.705705249090788129e+02 4.857686765539991143e+02
8.413149971061856149e+02 -2.373059577758811827e+02
6.511190351008410744e+02 6.094642874338833280e+02
6.783676411681033187e+02 1.746320328769683101e+02
2.298374286582428283e+02 -7.748081853129477850e+02
3.456018287800952180e+02 7.425021411949232970e+02
-6.448120902072236049e+02 -4.763537134385335747e+01
1.898505101617887192e+02 3.361060011735760895e+02
6.161371889394094978e+02 -3.394637334474408590e+02
-1.384022182416470912e+02 -1.042851914625273508e+02
6.706030438926147781e+02 -5.111557510239089765e+02
-6.073115463967361194e+01 -5.352826129113881279e+02
-2.819521952120004471e+02 1.676181729130584870e+02
9.129497673486984013e+02 -5.818015112664345452e+02
4.369332359937236561e+02 -3.805955371021527753e+02
5.473727874450340778e+02 4.319405533798072838e+02
8.226119558943535139e+02 -8.813839858482019736e+02
2.101269030500952439e+01 -9.228758747907486395e+02
3.107366455830066343e+02 7.141290507203040079e+02
-5.326505972620937968e+01 1.417414816229413930e+02
4.518786100483190893e+01 -6.548504757084646144e+02
-6.963975421448609495e+02 2.497486956584695292e+02
1.978368712878211113e+02 -7.642560906874748525e+02
-3.283457157301576785e+02 5.176396248663847928e+02
-1.518794569836410346e+02 -7.467016712350381340e+02
5.281931802923023724e+02 -1.914807188085798373e+02
6.235711693364298753e+02 -3.264983326632670355e+02
2.226188092445459858e+02 -7.689750932102394643e+01
6.136930256734154199e+01 -8.945915270357204463e+02
-2.018986627820895023e+02 8.413969771338229293e+02
3.562099027845499677e+02 2.182671159656903512e+02
-5.111797044267954107e+02 -1.421614511070617709e+03
-1.152240477590213004e+03 -7.911921739219018264e+02
-6.031012667880281697e+02 -1.161355892690357621e+02
3.382274504396274892e+02 6.269409114356207056e+02
3.602357921353301151e+01 -5.549672859699938954e+02
4.390990564528089521e+02 1.802686811337320592e+02
1.345926116030128128e+02 -5.980488652466218014e+01
1.547476459432125182e+02 4.333753067387583542e+02
2.845398572914683655e+02 -8.272035191039151414e+02
-1.942478311956877405e+03 -1.762657650916840169e+02
6.759602020710277657e+02 -7.358599465514139411e+02
2.800608655737385888e+01 1.250529473280982302e+03
4.044800908452718602e+01 3.147258126393224984e+02
-4.611075415275672640e+02 -3.472447494037189699e+02
-6.597550184723193070e+02 -6.614749187618643873e+02
5.087793694808004261e+02 2.426359412717716282e+02
7.502271532338228326e+02 -5.223579744731988512e+02
7.943752708069441724e+02 -1.949288853802774213e+02
8.532428732218628511e+02 -7.183285412804473253e+02
-4.119602598981587676e+02 1.227151456468609695e+03
2.882138304853574482e+02 7.938190463573304214e+02
-1.102761973994531445e+03 -4.671854368627181202e+02
-4.140531876947886190e+02 -8.008197710757123104e+02
6.518671039231335271e+02 4.661990672860865175e+02
-1.491972930889676547e+02 -1.194130358601139051e+03
-1.142664994927003590e+03 1.023850187353882291e+01
-1.160014892761970060e+02 1.834704477011673021e+02
-6.808091613726296600e+02 3.405239749345331006e+02
-9.408520644687508820e+02 -5.393365974476257918e+01
2.475279536467765595e+01 -2.641584890555474772e+02
1.533474655984425397e+02 2.456665210546105129e+02
-5.244137791562154689e+02 1.758773751512857686e+01
3.048151538294603711e+02 -1.044187637663354053e+03
-1.454406873787536824e+03 -2.984969195963476523e+02
-1.019282489364080106e+03 2.020163094094086773e+02
4.317198673792684644e+02 6.763783620669817083e+02
-4.909078236701950573e+02 4.611003757890532739e+01
-1.115044346442337655e+03 -2.504593853958181739e+02
-5.972761012045032203e+02 1.016874264621402517e+03
-7.612488978168832432e+01 -6.016170982970969590e+02
-9.208989035484671604e+02 -3.659668988388343536e+01
3.784436404806623955e+02 5.892462522545851016e+02
8.907204509653120112e+02 -5.271036828820143683e+02
-1.132793255230013472e+02 1.680665794802097679e+01
6.037483174789533678e+02 4.128629335497980719e+02
7.733724026739660928e+01 -5.049241556395311932e+02
-9.449496408194502237e+02 -4.745899579325994750e+02
-1.942845205205631601e+03 -6.498674445864006657e+02
1.928354665386142983e+02 -1.026576777758663411e+03
-1.987541168877696691e+03 -4.963221523372804427e+02
4.024410915212152986e+02 4.150138747229292449e+02
4.654804355926340804e+02 -2.352731334847966593e+02
-6.661710719757127208e+02 1.215534193485037349e+03
-1.086571910821155370e+03 -1.061158015878292247e+02
3.323774251649101643e+02 2.082789794388413327e+02
5.697836438065467064e+02 -2.034374949584675107e+02
6.764913001717756060e+02 -2.069214015852842294e+02
6.907490207067845631e+02 6.121043515159446997e+02
-4.959103648272156306e+02 -4.915602035050780501e+02
-5.268987774369709314e+02 -4.326565952487970179e+01
1.492077241046688840e+01 1.478672010254541078e+02
3.264259308949229990e+02 -2.835873939385824087e+02
-3.812218508293158834e+02 1.484364095596020832e+02
-6.369079101374195488e+02 1.287414834000656754e+02
7.621562551449174805e+01 5.264734479451855123e+02
5.087590188282919144e+02 6.214465190472784570e+02
-7.719472836161760654e+01 3.432255044851688126e+02
-6.912565766469091599e+00 -4.261665228425715668e+02
6.524593696536837797e+02 2.660943914001030635e+02
2.326161988953035120e+02 8.141661780465108222e+02
-1.991652898286771176e+02 5.434912755539230602e+02
1.263781974998147604e+02 4.347923247580566795e+02
-2.747400673331688381e+02 -7.021187480765264581e+02
-6.167226737169839907e+02 2.258518672520652899e+02
5.722215247353757377e+02 -2.898719079236524863e+02
1.998749401495824145e+02 -4.438903325739769912e+02
1.496334926904780218e+02 1.201582528980135720e+02
-7.393981192677965737e+02 -1.096302271443117434e+03
-6.259657300559976534e+01 -3.258171936429480411e+02
-4.481177390131089169e+02 -5.460635688676516111e+02
-4.628334465107815276e+02 4.394394646775180604e+02
-2.541224162088578566e+02 -4.187837104247014963e+02
5.260960398204144894e+02 2.136865736007856071e+02
-1.158223912867874787e+03 -4.101013366196962693e+02
4.293238222181786341e+02 7.829450025073500683e+02
-3.750433568361937660e+02 -6.096357071066439630e+02
5.373100521922009598e+00 3.807036022613397677e+02
5.650328853255878130e+02 6.317785979194219408e+02
-1.711907534379814706e+03 -1.031951291133354545e+02
5.496669139483935851e+02 6.263676074633462321e+01
-1.209251392786545978e+02 1.119948955372979071e+03
-4.333108907811127324e+02 -6.122971961072323666e+02
1.529104411530106233e+02 -4.158225415875906492e+02
1.826969472297239463e+02 7.084191021430403907e+02
-2.131807353446706657e+02 -9.641888534919429503e+02
-1.387284503636613522e+02 -7.707299727743942412e+02
8.108497556927003416e+02 -2.370783011974993144e+02
5.828815577785546793e+02 6.262098402258411625e+02
-1.923497125694356313e+01 4.554153504576947284e+02
2.697077347553681079e+02 1.100837297493166943e+03
5.591602196593277085e+02 5.666168689556453728e+02
4.619272945462016651e+02 -1.094007342343111873e+02
-6.427889668326068886e+02 -9.403865327872998137e+01
7.199434430883951563e+02 -4.123304591957362391e+02
3.073406313781946437e+02 7.662357662703523147e+02
-1.051964236140311641e+03 5.319330298615080892e+02
4.797518602089448336e+01 -1.490599792708009090e+02
5.025610556334866033e+02 -1.531127141619467693e+02
-5.204742849762486685e+02 -4.591747425834862497e+02
3.705591730109800892e+02 -7.208914206421719655e+02
-1.308393047692715641e+02 4.614154866196431044e+02
-1.080384940314447704e+03 -3.230733657240940033e+02
5.629749771527864368e+02 2.561067774726245716e+02
-6.271647292797891851e+02 5.247306414987265271e+02
-6.920692967132117701e+02 -1.870853195042662165e+01
-9.331529664006627627e+02 2.307766439880990958e+02
-1.921477077421939441e+02 -2.253453710308167786e+02
4.390897035443080654e+02 5.688178938598432524e+02
-1.591459896265629368e+03 -4.444864456377787860e+02
-4.246570495809712611e+02 7.399538289595333254e+02
5.122857708559121193e+02 6.404131521165239427e+00
4.514189535618664877e+02 -7.848949684985398108e+02
-5.415743129182741313e+02 2.232709696366800358e+02
1.237413912264135405e+02 -3.597694831831344686e+02
-9.836186711851254927e+01 -7.693045918728881816e+02
-4.238383888474566561e+02 4.703922666560480366e+02
-1.026137930288279705e+02 -5.799378379743050118e+02
-1.180245642385699284e+03 -2.308929596590517690e+02
6.064183386303191128e+02 -2.268614149258242776e+02
5.852080170693594710e+02 6.193794831371303644e+02
-3.783048774394873135e+02 -2.399675778885473107e+02
2.242258836007474372e+02 -7.882686173958608151e+02
7.606405422664762455e+02 -1.710585986848553262e+02
7.241308883597465638e+02 5.611451399409286296e+02
-1.060940999697099869e+03 6.590713233205886468e+01
-3.667470359678537193e+02 2.329726179629066678e+02
-7.926246174306854755e+02 6.273369563356493472e+02
8.252605741912410622e+02 1.210814872872674925e+02
1.925006781185914173e+00 -5.335821447669156896e+02
-2.428269310132069450e+02 1.095272642577058377e+03
-2.621693424143247171e+02 -5.968352412708588872e+02
7.622334009434376867e+02 -5.733611520820643364e+02
4.879982769134095406e+02 -1.741469367177297158e+02
-1.624234391144416065e+02 5.658802272593350153e+02
-2.939409500634357997e+01 1.798187113292072183e+02
4.519268752811851755e+02 6.122870923461333632e+02
-5.217327159691373026e+02 -2.116169485957305767e+02
-3.913026577527705285e+01 8.998480161911514870e+02
4.020482889662708459e+01 8.689509233079823503e+01
7.969390003965428377e+02 -2.655843186231488744e+02
1.944714058718670344e+02 -2.324504447140421064e+02
3.946161782627538628e+02 1.698048000523695862e+02
5.584297362311874622e+02 -7.032380821714657770e+01
-2.523339571135684025e+02 -9.759526466624980685e+02
6.122670781160568367e+02 4.844791324921814635e+02
1.543220519545478453e+02 -3.886980409030845749e+02
1.416181701704677778e+02 -2.485493740096277975e+02
-5.171620629830748612e+02 3.544627821122624596e+02
-7.943266865181520586e+01 5.469744755063890125e+02
3.310705231997392843e+02 2.693193731132653852e+02
-5.405740551987362323e+02 2.550457942811986527e+02
6.977980179303704062e+02 -3.613126815366738924e+02
7.790141277711836665e+02 -7.325994940272165650e+02
4.226158958254414415e+02 8.391058777237851700e+02
-1.370953642629863452e+03 5.321813914700077675e+01
-8.021680486430570909e+02 1.489341575981494543e+02
-9.314266737933103286e+02 -9.024322083840606865e+02
-9.417776223479683040e+01 6.337993634421879108e+01
1.262273610704537106e+02 -5.817068862209542601e+01
-1.107925010132934034e+02 3.807155365746110078e+02
6.019803391813539406e+01 8.477682311302049811e+02
-2.348445003851371382e+02 -2.585262719547578172e+02
-3.298230478488093098e+01 -2.524944378243773713e+02
-9.747795672392927600e+02 3.126649907291880481e+02
-2.764952472820532989e+02 -1.898762970350678643e+02
-6.250800986360558227e+02 -5.496766984981165933e+02
4.279345500869460466e+02 7.358788151159843665e+02
-3.058812726617877615e+02 -4.337561283875977125e+01
-1.958047874168432045e+01 -9.272814122877292675e+01
-1.060356078434936990e+03 3.800289580843112702e+01
5.240483516687837664e+02 2.488936711473525918e+02
-2.762296803181723135e+02 5.131122246292537739e+02
2.181372142420582350e+01 -6.022206752471951177e+02
2.661420153122140277e+02 -1.491355519663834173e+02
7.929486609937525827e+02 1.670155491020113345e+02
8.154786152672513708e+02 -2.722058467394199965e+02
4.639448835030861318e+01 -4.347180628288575122e+02
9.119905537054495426e+02 -5.529770121543647292e+02
3.061767561417355523e+02 4.501668380769808664e+02
5.136878747073428286e+01 4.378842720643822872e+02
6.605184021896036484e+02 2.289175604122235939e+02
-4.803447640431697607e+01 7.427864080700476279e+02
-4.436916099750304738e+02 -4.851509301454416345e+02
3.932301282347804090e+02 -1.005493079960161708e+03
-7.783725643139033536e+02 2.808798058957989952e+02
-1.850292562895820367e+02 -5.926854567436233765e+02
-1.241004270321868489e+03 -1.023472230441630018e+02
-3.533997495556753847e+02 4.477537334565333822e+02
3.062825426348999258e+02 9.179363902765860530e+02
-6.124764195890361407e+01 -2.449327535093533186e+02
6.602861854197462890e+02 3.009693985636038747e+02
-1.085433894975036111e+02 4.027152157684054146e+01
6.074357196137038954e+02 3.120132674938897708e+02
-4.156538254370357777e+02 7.686421707100312517e+01
-3.880680123764896052e+02 -3.441077116897546375e+02
-5.808517559759994811e+02 7.631864927518145691e+01
3.971289975227763875e+02 5.493551082717937106e+02
-3.056543628011463625e+02 8.035505887247636565e+02
2.902024816854595457e+01 5.833089764533268351e+01
4.228463431995832593e+02 8.788291253474650375e+02
5.794392211895853961e+02 -2.708663129718029268e+02
-3.968094796063560636e+01 1.029431087786645548e+03
9.345275585022723135e+02 -5.670208771440109103e+02
-3.839212006603405030e+02 9.988178806310199889e+02
-2.302959406341362865e+02 -3.160555442756962634e+02
4.843970704065154109e+02 -2.103688948948970392e+02
6.870274106274018777e+02 1.549481292791722638e+02
-3.723679877324083805e+02 -5.063054910282258447e+02
-7.039397427860635617e+02 6.533904977673345229e+02
3.326860714347087651e+02 2.232428133422897645e+02
2.582080557510143990e+02 3.532602291094549596e+00
3.172815186311740945e+02 -3.443936065013562029e+02
3.950657887608472834e+02 -3.316012317179672095e+02
-5.057891492073696327e+02 -1.075480592057138409e+02
-4.401444262572096733e+01 1.132711498085647861e+02
2.536703443381848615e+02 3.644137702716208196e+02
-4.980262350547483834e+02 -2.289450926914286413e+02
3.274082075580728883e+02 -1.407216415109120931e+02
9.092258011995545530e+02 2.351553078825686072e+01
8.254766901501941447e+02 -4.334964105306415831e+02
3.286264176841027620e+02 1.479075779850181505e+02
3.631366969855452567e+02 -5.920738019544639883e+02
3.486211043828786416e+01 3.814700990570299268e+02
-1.208345778901590847e+03 4.665142638260722379e+02
-4.249704239382425612e+02 3.302531195528986814e+02
3.851123848157452585e+02 -2.803480522233127203e+02
4.921432138584549421e+02 8.710398433054464249e+02
7.881695390740006815e+02 -4.947504752952909826e+02
-4.092105651434529818e+02 -5.722251977971442329e+02
8.620622572613332295e+02 5.310346030926919703e+00
-4.420742088892976653e+02 -6.244105618162349103e+00
7.022990807937234194e+02 -7.803167088229974979e+02
4.428355002822438564e+02 -5.204417296824298091e+02
6.851513339963879901e+01 8.734432633461676687e+02
3.192027773728336797e+02 8.813875214625110175e+02
7.969357030395659649e+02 -7.384269119303343132e+02
-2.899963959196554697e+01 -4.797297549863961876e+02
-1.364111751514659090e+03 -2.099628844964069003e+02
-6.623095082166246357e+02 2.503280632454167289e+02
-8.375824150182045287e+02 -6.862858507056317592e+01
2.148576886958053365e+02 -6.121992739779793737e+02
-4.413516336412526471e+02 8.792972482067777946e+02
8.259466829899560025e+02 -5.637577750516339847e+02
-4.537541490746179420e+02 -6.120746741393388675e+02
7.876714164282808497e+02 -4.759206489330474454e+01
-4.799137937161258094e+01 1.260854887512049572e+03
7.056181373658122311e+02 -7.707188714320208192e+02
-3.348375875616187045e+02 3.803713259752177009e+02
8.968282067236514195e+02 -3.532904597962811408e+02
-1.481262135533976050e+02 -9.112728908752289669e+01
-1.034651196133760322e+03 -2.684416587657692617e+02
